0   -0.001187299670599866
100   0.019315484091650573
89   0.052420015206435244
0   -0.003465067342785293
0   -0.0003480998712236411
0   -0.008334826031987331
55   0.03513035477417138
0   -0.0012902313782328298
144   0.16732822638927305
0   -0.0007308511342515228
171   0.28449298278739005
0   -0.004899340657508691
0   -0.0013030660009557792
0   -0.008775893679884147
0   -0.008759258563709967
6   0.002784377653460373
0   -0.0052008484827604515
88   0.33866994354025914
38   0.0950891598127232
51   0.23236920731864477
0   -0.0031416419756828406
89   0.592379816494135
74   0.5070565417078879
81   0.6357759773897511
0   -0.003731082726379658
0   -0.014833360835024272
0   -0.014261803649751584
0   -0.013570030083029667
0   -0.022963559374714587
4   0.0022457083593901326
31   0.08110303757977545
0   -0.00808266344570892
0   -0.01629098217475584
0   -0.0158464788436218
0   -0.0039524292993453275
106   0.5690008309208929
95   0.42662736267354606
130   0.7256088715023299
88   0.42890395012425725
53   0.20575149645925764
0   -0.00601977178201898
92   0.7022481170401857
112   0.6048939343490584
91   0.5962978642385544
0   -0.002833364941769485
3   0.000533171620395855
0   -0.016384164236912344
0   -0.003109040390549264
62   0.18825826341857727
52   0.08775263346641227
23   0.02025574282180893
194   1.424487279443432
72   0.21064438610052758
8   0.00287574143233423
0   -0.0019520415619684272
132   0.425917572031435
133   0.37046987604695747
0   -0.0036402155088077186
0   -0.0032461489578955536
149   0.4287459678154038
0   -0.00816812665452263
0   -0.003371637959659757
34   0.026349920881615217
0   -0.001316250529770223
0   -0.004096203065570492
58   0.07456195386538116
0   -0.0019473429526331715
278   0.8911513408915902
229   0.8465834328784732
0   -0.003395361825328944
110   0.10568117748756456
0   -0.0009720832042355198
0   -0.0039815606840637304
32   0.006673867986165606
0   -0.0022030616199695268
0   -0.008546569137175768
111   0.3130318960724868
0   -0.009738139999849776
0   -0.018713949846000458
0   -0.0070148261598459525
50   0.19204497728130673
0   -0.00330571952456685
59   0.36564947923329116
0   -0.013830537873158947
20   0.038678873132985375
0   -0.005455638234897021
0   -0.0006276176444748299
0   -0.0017386206901442898
0   -0.01396920048714625
3   0.001045241498903539
0   -0.001489617674904195
0   -0.004446585259257729
322   2.4409816167341587
0   -0.008113288579785913
0   -0.0007801963660981436
7   0.001091056323738641
299   1.2535766782458622
0   -0.005123232396972613
6   0.003028357244409839
0   -0.019972349800805245
104   0.7170702006962179
33   0.040142501117024824
0   -0.011112774806201473
0   -0.005773127561594914
0   -0.0018385377418932895
0   -0.00886690517642528
0   -0.0041974902870577264
0   -0.001710435466342186
0   -0.004089528027406533
0   -0.014505885460533132
127   1.0727372719010284
26   0.03360495162651948
33   0.09590354120013328
0   -0.009400454666325811
0   -0.0022601545166757043
83   0.1517371638600653
48   0.23822771307454715
0   -0.004019376514717124
176   1.7101911937971834
0   -0.0024823011741939042
0   -0.010780999542874224
0   -0.0030211318720381264
151   1.1987093228839902
0   -0.004105284760245566
90   0.6899787303490502
168   1.8304145372124154
89   0.7156795670327629
20   0.014254013248469572
1   0.00031848701922221686
0   -0.0064601335173415375
0   -0.004802432487736215
0   -0.007442738476118505
88   0.0943918257743428
83   0.12027480683601012
150   0.5134305137938678
44   0.16360134371660476
0   -0.010899665672583447
0   -0.0010427679747931835
266   4.597064963983218
0   -0.0023197539986922334
0   -0.006811531562352578
0   -0.01273351430149604
65   0.2018492871361033
0   -0.005420140916579589
0   -0.016851029990335806
0   -0.005946989437960265
0   -0.012594944955932096
95   0.7305099119834144
99   0.5354133641349808
0   -0.0039043323404525515
0   -0.008262785539542359
17   0.016665723894810407
0   -0.01249876403546063
0   -0.010817444611247345
87   0.3537966056364349
0   -0.0016585715167942393
0   -0.0018669895997088656
0   -0.004965413924699556
0   -0.007999241497930739
45   0.13872788376761833
0   -0.0007405612597890042
0   -0.0008951798486545076
148   0.2693394684623776
49   0.11166450725648203
0   -0.013152330466936245
0   -0.0036770551287570413
0   -0.006223335329271789
87   0.10564150292415724
40   0.10648685029440734
0   -0.0009399340132325982
