151   0.06038633339711987
0   -0.0020831036240219923
0   -0.004571422421347234
138   0.2590493912847328
0   -4.519109841768889e-05
437   1.7699223315248345
16   0.007487249604290234
0   -0.005129620516029512
0   -0.0017220248217075906
0   -0.012311895226576738
0   -0.010533222119465467
0   -0.007584959853034753
0   -0.00561804862060225
0   -0.002388784283197594
0   -0.006302689397844064
47   0.04118336840358082
65   0.058516031124939555
9   0.0012550086889447356
0   -0.0006760556735806639
85   0.5148679905000347
54   0.3717662032029092
0   -0.0030430047480921167
0   -0.002199332947417171
0   -0.014335351286738327
0   -0.019883404781914426
23   0.04242772231101254
0   -0.0009440449266400097
0   -0.003201894452915146
0   -0.015598722283065435
0   -0.012423533633934617
0   -0.00561600499930288
48   0.09825321550587363
215   2.516144647023325
132   1.2017416815860238
41   0.08142337738564434
41   0.09709149515702828
25   0.05089830358134914
79   0.34546795349459947
0   -0.002666615478444901
0   -0.00601977178201898
116   0.8263157642522923
165   1.3966425856991092
0   -0.0011454275600499635
0   -0.015038192649879161
0   -0.0005494801481643587
48   0.07058485740364313
22   0.02374953326139404
0   -0.0015421070432427057
0   -0.0017782298494621962
0   -0.0018578191127058112
119   0.3349009370176846
40   0.060202402150361954
325   2.33966878760389
78   0.1177565420333811
37   0.023951006440568225
0   -0.002175965626697678
39   0.035253374057308155
0   -0.005761139618439497
0   -0.002537163162253533
0   -0.004690095616488544
320   1.1796357335217709
171   0.5277589314888551
164   0.2541165735954537
6   0.00030551617271559213
0   -0.003182742822868069
0   -9.597392547719133e-05
0   -0.001875235794124352
171   0.14989794103311135
0   -0.006863276278516866
0   -0.008546569137175768
111   0.3130318960724868
0   -0.009738139999849776
0   -0.018713949846000458
0   -0.0070148261598459525
50   0.19204497728130673
0   -0.00330571952456685
59   0.36564947923329116
0   -0.013830537873158947
20   0.038678873132985375
0   -0.005455638234897021
0   -0.0006276176444748299
0   -0.0017386206901442898
0   -0.01396920048714625
3   0.001045241498903539
0   -0.001489617674904195
0   -0.004446585259257729
322   2.4409816167341587
0   -0.008113288579785913
0   -0.0007801963660981436
7   0.001091056323738641
299   1.2535766782458622
0   -0.005123232396972613
6   0.003028357244409839
0   -0.019972349800805245
104   0.7170702006962179
33   0.040142501117024824
0   -0.011112774806201473
0   -0.005773127561594914
0   -0.0018385377418932895
0   -0.00886690517642528
0   -0.0041974902870577264
0   -0.001710435466342186
0   -0.004089528027406533
0   -0.014505885460533132
127   1.0727372719010284
26   0.03360495162651948
33   0.09590354120013328
0   -0.009400454666325811
0   -0.0022601545166757043
83   0.1517371638600653
48   0.23822771307454715
0   -0.004019376514717124
176   1.7101911937971834
0   -0.0024823011741939042
0   -0.010780999542874224
0   -0.0030211318720381264
151   1.1987093228839902
0   -0.004105284760245566
90   0.6899787303490502
168   1.8304145372124154
89   0.7156795670327629
20   0.014254013248469572
1   0.00031848701922221686
0   -0.0064601335173415375
0   -0.004802432487736215
0   -0.007442738476118505
88   0.0943918257743428
83   0.12027480683601012
150   0.5134305137938678
44   0.16360134371660476
0   -0.010899665672583447
0   -0.0010427679747931835
266   4.597064963983218
0   -0.0023197539986922334
0   -0.006811531562352578
0   -0.01273351430149604
65   0.2018492871361033
0   -0.005420140916579589
0   -0.016851029990335806
0   -0.005946989437960265
0   -0.012594944955932096
95   0.7305099119834144
99   0.5354133641349808
0   -0.0039043323404525515
0   -0.008262785539542359
17   0.016665723894810407
0   -0.01249876403546063
0   -0.010817444611247345
87   0.3537966056364349
0   -0.0016585715167942393
0   -0.0018669895997088656
0   -0.004965413924699556
0   -0.007999241497930739
45   0.13872788376761833
0   -0.0007405612597890042
0   -0.0008951798486545076
148   0.2693394684623776
49   0.11166450725648203
0   -0.013152330466936245
0   -0.0036770551287570413
0   -0.006223335329271789
87   0.10564150292415724
40   0.10648685029440734
0   -0.0009399340132325982
